1
  0.182211
-0.0848629
 -0.170938
0.99114091 -0.00302499 0.13278007
0.00135485 0.99991886 0.01266677
-0.13280761 -0.01237466 0.99106458
0.04076715
2
  0.169156
-0.0998023
 -0.161621
0.98972194 -0.01419117 0.14229928
0.01115274 0.99969295 0.02212736
-0.14256960 -0.02031291 0.98957632
0.05519006
3
 0.166604
-0.107045
-0.162421
0.98918753 -0.01427792 0.14595949
0.01037035 0.99956808 0.02749758
-0.14628906 -0.02568661 0.98890834
0.05410382
4
  0.164839
-0.0999424
 -0.160452
0.98900528 -0.01335975 0.14727549
0.01078240 0.99977468 0.01828468
-0.14748658 -0.01649566 0.98892649
0.04054358
5
 0.161535
-0.113836
-0.160469
0.98838411 -0.01723894 0.15099558
0.01077288 0.99899374 0.04353673
-0.15159417 -0.04140435 0.98757526
0.04327169
6
 0.160157
-0.113484
-0.161576
0.98854170 -0.01848159 0.14981232
0.01326105 0.99927200 0.03577161
-0.15036437 -0.03337506 0.98806713
0.07028517
7
 0.158057
-0.110444
-0.162765
0.98818088 -0.01873186 0.15214360
0.01461621 0.99949756 0.02812464
-0.15259398 -0.02556847 0.98795816
0.06302765
8
 0.162735
-0.107278
-0.164858
0.99006129 -0.02194912 0.13891323
0.01954402 0.99963496 0.01865435
-0.13927196 -0.01575402 0.99012885
0.05822437
9
 0.164899
-0.104787
-0.165534
0.99064917 -0.01248498 0.13586151
0.01045477 0.99982293 0.01564652
-0.13603280 -0.01407981 0.99060428
0.04620456
10
 0.167032
-0.110095
-0.166097
0.99098594 -0.01732964 0.13284035
0.01224072 0.99916306 0.03903002
-0.13340555 -0.03705214 0.99036867
0.06139633
11
 0.167045
-0.108937
-0.166301
0.99041803 -0.01629093 0.13713765
0.01226250 0.99946959 0.03016891
-0.13755639 -0.02819818 0.99009247
0.04879086
12
 0.166865
-0.110244
-0.166632
0.98986189 -0.02061483 0.14052926
0.01608540 0.99931624 0.03329139
-0.14111947 -0.03069341 0.98951665
0.04431741
13
 0.167519
-0.108849
-0.166516
0.99018360 -0.02289064 0.13788567
0.01957261 0.99948646 0.02537180
-0.13839564 -0.02242396 0.99012313
0.04071616
14
 0.167157
-0.112972
-0.166756
0.98983138 -0.01872028 0.14100848
0.01255557 0.99893127 0.04448229
-0.14169050 -0.04225953 0.98900856
0.06871982
15
  0.16603
-0.108183
-0.166476
0.98916882 -0.01841232 0.14562294
0.01656753 0.99976653 0.01387100
-0.14584434 -0.01130815 0.98924292
0.06120228
16
 0.165326
-0.106308
-0.165874
0.98864117 -0.01583769 0.14945837
0.01433414 0.99983529 0.01113195
-0.14961006 -0.00886315 0.98870535
0.05436947
17
 0.165511
-0.106516
-0.165661
0.98911533 -0.01537203 0.14633716
0.01259756 0.99972326 0.01986736
-0.14660206 -0.01780762 0.98903525
0.06893034
18
 0.165945
-0.111024
-0.164912
0.98966421 -0.00720360 0.14322310
0.00011298 0.99877639 0.04945415
-0.14340410 -0.04892683 0.98845406
0.09141267
19
 0.167587
 -0.11154
-0.164454
0.99071961 -0.01494772 0.13509707
0.00933161 0.99906944 0.04210901
-0.13560079 -0.04045755 0.98993718
0.05760039
20
 0.167012
  -0.1117
-0.163847
0.98945989 -0.02021558 0.14338916
0.01507154 0.99920639 0.03687066
-0.14402073 -0.03432094 0.98897932
0.05675082
21
  0.16675
-0.112168
-0.163855
0.98905833 -0.01730271 0.14650677
0.01231669 0.99931590 0.03487175
-0.14700992 -0.03268572 0.98859482
0.05503951
22
 0.166422
-0.110644
-0.163432
0.98894120 -0.01487272 0.14756054
0.01175570 0.99968944 0.02197337
-0.14784151 -0.01999570 0.98880891
0.04261355
23
 0.165635
-0.113199
-0.163306
0.98835068 -0.01800033 0.15112553
0.01125358 0.99890638 0.04538053
-0.15177712 -0.04315117 0.98747237
0.04553569
24
  0.16512
-0.113137
-0.163464
0.98852451 -0.01886146 0.14987839
0.01350238 0.99923533 0.03669375
-0.15045588 -0.03424896 0.98802330
0.07125618
25
 0.164334
  -0.1123
-0.163722
0.98817206 -0.01892217 0.15217733
0.01473654 0.99948270 0.02858599
-0.15263952 -0.02600531 0.98793972
0.06426567
26
 0.165531
-0.111254
-0.164329
0.99005682 -0.02204273 0.13893022
0.01960584 0.99962942 0.01888471
-0.13929501 -0.01597309 0.99012209
0.05837022
27
 0.166149
-0.110277
-0.164574
0.99064733 -0.01253161 0.13587062
0.01048590 0.99982079 0.01576162
-0.13604379 -0.01418948 0.99060120
0.04814639
28
 0.166866
-0.111976
-0.164809
0.99098497 -0.01735293 0.13284450
0.01225629 0.99916062 0.03908751
-0.13341128 -0.03710696 0.99036584
0.06124224
29
 0.166877
-0.111472
-0.164931
0.99041754 -0.01630262 0.13713979
0.01227023 0.99946863 0.03019768
-0.13755922 -0.02822558 0.99009130
0.04886218
30
 0.166811
-0.111911
-0.165109
0.98986162 -0.02062070 0.14053029
0.01608924 0.99931570 0.03330579
-0.14112091 -0.03070709 0.98951602
0.04414823
31
 0.167087
-0.111272
 -0.16511
0.99018346 -0.02289356 0.13788619
0.01957454 0.99948624 0.02537900
-0.13839637 -0.02243081 0.99012287
0.04104525
32
 0.166942
   -0.113
-0.165259
0.98983132 -0.01872175 0.14100873
0.01255653 0.99893110 0.04448589
-0.14169086 -0.04226294 0.98900836
0.06883742
33
 0.166436
-0.110822
-0.165176
0.98916878 -0.01841306 0.14562308
0.01656801 0.99976650 0.01387280
-0.14584451 -0.01130986 0.98924287
0.06212382
34
 0.166093
-0.109862
-0.164931
0.98864115 -0.01583806 0.14945844
0.01433438 0.99983528 0.01113285
-0.14961015 -0.00886400 0.98870533
0.05597174
35
 0.166161
-0.109862
-0.164855
0.98911532 -0.01537221 0.14633719
0.01259768 0.99972325 0.01986781
-0.14660210 -0.01780805 0.98903524
0.06949072
36
  0.16636
-0.112023
-0.164503
0.98966421 -0.00720370 0.14322312
0.00011304 0.99877638 0.04945438
-0.14340412 -0.04892704 0.98845405
0.09102988
37
 0.167191
-0.112261
-0.164279
0.99071961 -0.01494776 0.13509708
0.00933164 0.99906944 0.04210913
-0.13560080 -0.04045766 0.98993717
0.05742578
38
   0.1669
-0.112326
-0.163964
0.98945989 -0.02021560 0.14338917
0.01507156 0.99920638 0.03687072
-0.14402074 -0.03432100 0.98897932
0.05665316
39
 0.166761
-0.112562
-0.163965
0.98905833 -0.01730272 0.14650678
0.01231670 0.99931589 0.03487178
-0.14700993 -0.03268575 0.98859482
0.05495342
40
 0.166581
-0.111714
 -0.16373
0.98894120 -0.01487272 0.14756054
0.01175570 0.99968944 0.02197339
-0.14784151 -0.01999571 0.98880891
0.04302447
41
 0.166135
-0.113121
-0.163652
0.98835068 -0.01800033 0.15112553
0.01125359 0.99890638 0.04538054
-0.15177712 -0.04315118 0.98747237
0.04570928
42
 0.165829
-0.113088
-0.163734
0.98852451 -0.01886146 0.14987839
0.01350238 0.99923533 0.03669375
-0.15045588 -0.03424896 0.98802330
0.07139366
43
 0.165355
-0.112602
-0.163878
0.98817206 -0.01892217 0.15217733
0.01473654 0.99948270 0.02858600
-0.15263952 -0.02600532 0.98793972
0.06453841
44
  0.16604
-0.111977
-0.164233
0.99005682 -0.02204273 0.13893022
0.01960584 0.99962942 0.01888471
-0.13929501 -0.01597309 0.99012209
0.05844901
45
 0.166399
-0.111375
-0.164382
0.99064733 -0.01253162 0.13587062
0.01048590 0.99982079 0.01576162
-0.13604379 -0.01418948 0.99060120
0.04861814
46
  0.16683
-0.112385
-0.164529
0.99098497 -0.01735293 0.13284450
0.01225629 0.99916062 0.03908751
-0.13341128 -0.03710696 0.99036584
0.06121689
47
 0.166838
-0.112066
 -0.16461
0.99041754 -0.01630262 0.13713979
0.01227023 0.99946863 0.03019768
-0.13755922 -0.02822558 0.99009130
0.04890313
48
 0.166797
-0.112327
-0.164728
0.98986162 -0.02062070 0.14053029
0.01608924 0.99931570 0.03330579
-0.14112091 -0.03070709 0.98951602
0.04412274
49
 0.166972
-0.111915
-0.164736
0.99018346 -0.02289356 0.13788619
0.01957454 0.99948624 0.02537900
-0.13839637 -0.02243081 0.99012287
0.04116519
50
 0.166881
-0.113008
-0.164839
0.98983132 -0.01872175 0.14100873
0.01255653 0.99893110 0.04448589
-0.14169086 -0.04226294 0.98900836
0.06887577
51
 0.166555
-0.111598
-0.164794
0.98916878 -0.01841306 0.14562308
0.01656801 0.99976650 0.01387280
-0.14584451 -0.01130986 0.98924287
0.06241940
52
 0.166329
-0.110956
-0.164641
0.98864115 -0.01583806 0.14945844
0.01433438 0.99983528 0.01113285
-0.14961015 -0.00886400 0.98870533
0.05650602
53
 0.166369
-0.110935
-0.164597
0.98911532 -0.01537221 0.14633719
0.01259768 0.99972325 0.01986781
-0.14660210 -0.01780805 0.98903524
0.06970683
54
 0.166498
-0.112356
-0.164367
0.98966421 -0.00720370 0.14322312
0.00011304 0.99877638 0.04945438
-0.14340412 -0.04892704 0.98845405
0.09090515
55
 0.167055
 -0.11251
-0.164218
0.99071961 -0.01494776 0.13509708
0.00933164 0.99906944 0.04210913
-0.13560080 -0.04045766 0.98993717
0.05736818
56
 0.166859
 -0.11255
-0.164006
0.98945989 -0.02021560 0.14338917
0.01507156 0.99920638 0.03687072
-0.14402074 -0.03432100 0.98897932
0.05662003
57
 0.166765
-0.112707
-0.164006
0.98905833 -0.01730272 0.14650678
0.01231670 0.99931589 0.03487178
-0.14700993 -0.03268575 0.98859482
0.05492244
58
 0.166641
 -0.11212
-0.163843
0.98894120 -0.01487272 0.14756054
0.01175570 0.99968944 0.02197339
-0.14784151 -0.01999571 0.98880891
0.04318694
59
  0.16633
-0.113091
-0.163787
0.98835068 -0.01800033 0.15112553
0.01125359 0.99890638 0.04538054
-0.15177712 -0.04315118 0.98747237
0.04577899
60
 0.166113
-0.113068
-0.163842
0.98852451 -0.01886146 0.14987839
0.01350238 0.99923533 0.03669375
-0.15045588 -0.03424896 0.98802330
0.07145085
61
 0.165774
-0.112726
-0.163941
0.98817206 -0.01892217 0.15217733
0.01473654 0.99948270 0.02858600
-0.15263952 -0.02600532 0.98793972
0.06465503
62
 0.166253
 -0.11228
-0.164192
0.99005682 -0.02204273 0.13893022
0.01960584 0.99962942 0.01888471
-0.13929501 -0.01597309 0.99012209
0.05848604
63
 0.166506
-0.111845
  -0.1643
0.99064733 -0.01253162 0.13587062
0.01048590 0.99982079 0.01576162
-0.13604379 -0.01418948 0.99060120
0.04882711
64
 0.166814
-0.112564
-0.164407
0.99098497 -0.01735293 0.13284450
0.01225629 0.99916062 0.03908751
-0.13341128 -0.03710696 0.99036584
0.06120707
65
  0.16682
 -0.11233
-0.164467
0.99041754 -0.01630262 0.13713979
0.01227023 0.99946863 0.03019768
-0.13755922 -0.02822558 0.99009130
0.04892441
66
 0.166791
-0.112517
-0.164555
0.98986162 -0.02062070 0.14053029
0.01608924 0.99931570 0.03330579
-0.14112091 -0.03070709 0.98951602
0.04411354
67
 0.166919
-0.112212
-0.164564
0.99018346 -0.02289356 0.13788619
0.01957454 0.99948624 0.02537900
-0.13839637 -0.02243081 0.99012287
0.04122521
68
 0.166853
-0.113011
-0.164642
0.98983132 -0.01872175 0.14100873
0.01255653 0.99893110 0.04448589
-0.14169086 -0.04226294 0.98900836
0.06889471
69
 0.166613
 -0.11197
-0.164612
0.98916878 -0.01841306 0.14562308
0.01656801 0.99976650 0.01387280
-0.14584451 -0.01130986 0.98924287
0.06256458
70
 0.166443
-0.111487
-0.164501
0.98864115 -0.01583806 0.14945844
0.01433438 0.99983528 0.01113285
-0.14961015 -0.00886400 0.98870533
0.05677220
71
 0.166472
-0.111464
-0.164469
0.98911532 -0.01537221 0.14633719
0.01259768 0.99972325 0.01986781
-0.14660210 -0.01780805 0.98903524
0.06981976
72
 0.166567
-0.112522
-0.164298
0.98966421 -0.00720370 0.14322312
0.00011304 0.99877638 0.04945438
-0.14340412 -0.04892704 0.98845405
0.09084334
73
 0.166986
-0.112636
-0.164188
0.99071961 -0.01494776 0.13509708
0.00933164 0.99906944 0.04210913
-0.13560080 -0.04045766 0.98993717
0.05733953
74
 0.166839
-0.112664
-0.164027
0.98945989 -0.02021560 0.14338917
0.01507156 0.99920638 0.03687072
-0.14402074 -0.03432100 0.98897932
0.05660337
75
 0.166767
-0.112783
-0.164027
0.98905833 -0.01730272 0.14650678
0.01231670 0.99931589 0.03487178
-0.14700993 -0.03268575 0.98859482
0.05490648
76
 0.166672
-0.112333
-0.163902
0.98894120 -0.01487272 0.14756054
0.01175570 0.99968944 0.02197339
-0.14784151 -0.01999571 0.98880891
0.04327389
77
 0.166434
-0.113074
-0.163858
0.98835068 -0.01800033 0.15112553
0.01125359 0.99890638 0.04538054
-0.15177712 -0.04315118 0.98747237
0.04581658
78
 0.166265
-0.113057
  -0.1639
0.98852451 -0.01886146 0.14987839
0.01350238 0.99923533 0.03669375
-0.15045588 -0.03424896 0.98802330
0.07148216
79
 0.166002
-0.112793
-0.163976
0.98817206 -0.01892217 0.15217733
0.01473654 0.99948270 0.02858600
-0.15263952 -0.02600532 0.98793972
0.06471969
80
  0.16637
-0.112447
 -0.16417
0.99005682 -0.02204273 0.13893022
0.01960584 0.99962942 0.01888471
-0.13929501 -0.01597309 0.99012209
0.05850741
81
 0.166566
-0.112107
-0.164254
0.99064733 -0.01253162 0.13587062
0.01048590 0.99982079 0.01576162
-0.13604379 -0.01418948 0.99060120
0.04894493
82
 0.166806
-0.112665
-0.164338
0.99098497 -0.01735293 0.13284450
0.01225629 0.99916062 0.03908751
-0.13341128 -0.03710696 0.99036584
0.06120189
83
  0.16681
 -0.11248
-0.164386
0.99041754 -0.01630262 0.13713979
0.01227023 0.99946863 0.03019768
-0.13755922 -0.02822558 0.99009130
0.04893727
84
 0.166787
-0.112625
-0.164456
0.98986162 -0.02062070 0.14053029
0.01608924 0.99931570 0.03330579
-0.14112091 -0.03070709 0.98951602
0.04410895
85
 0.166888
-0.112383
-0.164464
0.99018346 -0.02289356 0.13788619
0.01957454 0.99948624 0.02537900
-0.13839637 -0.02243081 0.99012287
0.04126110
86
 0.166837
-0.113014
-0.164527
0.98983132 -0.01872175 0.14100873
0.01255653 0.99893110 0.04448589
-0.14169086 -0.04226294 0.98900836
0.06890598
87
 0.166646
-0.112187
-0.164505
0.98916878 -0.01841306 0.14562308
0.01656801 0.99976650 0.01387280
-0.14584451 -0.01130986 0.98924287
0.06265082
88
 0.166511
-0.111801
-0.164417
0.98864115 -0.01583806 0.14945844
0.01433438 0.99983528 0.01113285
-0.14961015 -0.00886400 0.98870533
0.05693151
89
 0.166533
-0.111779
-0.164393
0.98911532 -0.01537221 0.14633719
0.01259768 0.99972325 0.01986781
-0.14660210 -0.01780805 0.98903524
0.06988901
90
 0.166608
-0.112622
-0.164257
0.98966421 -0.00720370 0.14322312
0.00011304 0.99877638 0.04945438
-0.14340412 -0.04892704 0.98845405
0.09080643
91
 0.166944
-0.112712
-0.164169
0.99071961 -0.01494776 0.13509708
0.00933164 0.99906944 0.04210913
-0.13560080 -0.04045766 0.98993717
0.05732238
92
 0.166826
-0.112734
 -0.16404
0.98945989 -0.02021560 0.14338917
0.01507156 0.99920638 0.03687072
-0.14402074 -0.03432100 0.98897932
0.05659335
93
 0.166769
-0.112829
 -0.16404
0.98905833 -0.01730272 0.14650678
0.01231670 0.99931589 0.03487178
-0.14700993 -0.03268575 0.98859482
0.05489676
94
 0.166692
-0.112465
-0.163939
0.98894120 -0.01487272 0.14756054
0.01175570 0.99968944 0.02197339
-0.14784151 -0.01999571 0.98880891
0.04332803
95
 0.166499
-0.113064
-0.163903
0.98835068 -0.01800033 0.15112553
0.01125359 0.99890638 0.04538054
-0.15177712 -0.04315118 0.98747237
0.04584008
96
 0.166361
-0.113051
-0.163937
0.98852451 -0.01886146 0.14987839
0.01350238 0.99923533 0.03669375
-0.15045588 -0.03424896 0.98802330
0.07150191
97
 0.166145
-0.112836
-0.163998
0.98817206 -0.01892217 0.15217733
0.01473654 0.99948270 0.02858600
-0.15263952 -0.02600532 0.98793972
0.06476077
98
 0.166444
-0.112553
-0.164156
0.99005682 -0.02204273 0.13893022
0.01960584 0.99962942 0.01888471
-0.13929501 -0.01597309 0.99012209
0.05852129
99
 0.166604
-0.112273
-0.164225
0.99064733 -0.01253162 0.13587062
0.01048590 0.99982079 0.01576162
-0.13604379 -0.01418948 0.99060120
0.04902055
100
   0.1668
-0.112729
-0.164294
0.99098497 -0.01735293 0.13284450
0.01225629 0.99916062 0.03908751
-0.13341128 -0.03710696 0.99036584
0.06119871
