1
0.0696523
-0.151184
 -0.14245
0.90448234 -0.01270141 0.42632191
-0.01074918 0.99856015 0.05255551
-0.42637560 -0.05211814 0.90304349
0.08483129
2
0.0851606
-0.164763
-0.143744
0.90819341 -0.01419824 0.41830986
-0.01209338 0.99811705 0.06013398
-0.41837601 -0.05967206 0.90631163
0.05087105
3
0.0867352
-0.123665
-0.145512
0.91150513 -0.00506431 0.41125753
-0.00206217 0.99985535 0.01688299
-0.41128354 -0.01623702 0.91136283
0.07585022
4
0.0839426
-0.122537
-0.145033
0.90900359 -0.00794423 0.41671256
-0.00237273 0.99970349 0.02423422
-0.41678153 -0.02301774 0.90871521
0.04425431
5
0.0838936
 -0.12217
 -0.14404
0.90888857 -0.00696318 0.41698092
-0.00581853 0.99955155 0.02937413
-0.41699846 -0.02912403 0.90844046
0.03954003
6
0.0831639
-0.133045
-0.144434
0.90840668 -0.00775281 0.41801579
-0.01425352 0.99867256 0.04949696
-0.41784464 -0.05092156 0.90709032
0.07421264
7
0.0829969
-0.137706
-0.144446
0.90817190 -0.00268311 0.41858881
-0.02146229 0.99836575 0.05296407
-0.41804684 -0.05708435 0.90663014
0.05735777
8
0.0815795
-0.138219
-0.143685
0.90637869 -0.00590561 0.42242489
-0.01650476 0.99864394 0.04937485
-0.42214365 -0.05172433 0.90505212
0.06294670
9
 0.081347
-0.135323
-0.142973
0.90633362 -0.00395207 0.42254438
-0.01287486 0.99923374 0.03696169
-0.42236667 -0.03893982 0.90558825
0.06645766
10
0.0809948
-0.134509
-0.141733
0.90620716 -0.00593910 0.42279228
-0.01052631 0.99927459 0.03659908
-0.42270295 -0.03761680 0.90548727
0.04120801
11
0.0824425
 -0.13818
-0.140744
0.90806511 -0.01338681 0.41861504
-0.00892128 0.99864408 0.05128760
-0.41873400 -0.05030706 0.90671442
0.05231449
12
0.0826011
 -0.14142
-0.140104
0.90724854 -0.01561167 0.42030509
-0.01014800 0.99820746 0.05898203
-0.42047248 -0.05777662 0.90546383
0.05751429
13
0.0819552
-0.139417
-0.139807
0.90586896 -0.01159414 0.42339933
-0.00705882 0.99907321 0.04246053
-0.42349922 -0.04145237 0.90494757
0.04878120
14
0.0817798
-0.135922
-0.139265
0.90608563 -0.00728823 0.42303157
-0.00497260 0.99959912 0.02787241
-0.42306513 -0.02735835 0.90568616
0.04501783
15
0.0800173
-0.136391
-0.139337
0.90340728 -0.01048241 0.42865535
-0.00640529 0.99925966 0.03793545
-0.42873565 -0.03701682 0.90267131
0.04691051
16
0.0793043
-0.135222
-0.139723
0.90406865 -0.01094980 0.42724697
-0.00368091 0.99943518 0.03340319
-0.42737141 -0.03177143 0.90351771
0.07932648
17
0.0790179
-0.135447
-0.140362
0.90511530 -0.01265303 0.42497787
-0.00504815 0.99916678 0.04050008
-0.42513622 -0.03880259 0.90429727
0.06502403
18
 0.079496
-0.133916
-0.140862
0.90747554 -0.00905027 0.42000743
-0.00472430 0.99948486 0.03174419
-0.42007836 -0.03079132 0.90696530
0.05257540
19
0.0801506
-0.131571
-0.141041
0.90908882 -0.00247401 0.41659500
-0.00664150 0.99976922 0.02043029
-0.41654941 -0.02133976 0.90886259
0.04926831
20
0.0820006
-0.127713
 -0.14142
0.91500622 -0.00147907 0.40343702
0.00167081 0.99999860 -0.00012327
-0.40343627 0.00078686 0.91500741
0.08420970
21
0.0817513
-0.126929
-0.141701
0.91124660 -0.00546393 0.41182494
-0.00081081 0.99988626 0.01506018
-0.41186039 -0.01405745 0.91113852
0.06985223
22
0.0814701
-0.126576
-0.141787
0.90887185 -0.00814200 0.41699601
-0.00174561 0.99972642 0.02332470
-0.41707183 -0.02192708 0.90860899
0.04654032
23
0.0815669
 -0.12632
-0.141713
0.90882300 -0.00706250 0.41712213
-0.00550536 0.99956659 0.02891921
-0.41714558 -0.02857885 0.90839023
0.04108234
24
0.0814814
-0.128866
-0.141908
0.90837396 -0.00780318 0.41808594
-0.01409767 0.99868602 0.04926948
-0.41792104 -0.05064915 0.90707038
0.07552802
25
 0.081502
-0.130338
-0.142012
0.90815582 -0.00270837 0.41862354
-0.02138443 0.99837346 0.05285025
-0.41808577 -0.05694829 0.90662075
0.06023651
26
0.0811234
 -0.13078
-0.141872
0.90637048 -0.00591805 0.42244234
-0.01646566 0.99864739 0.04931806
-0.42216281 -0.05165622 0.90504707
0.06453226
27
0.0810627
 -0.13009
-0.141702
0.90632952 -0.00395822 0.42255311
-0.01285524 0.99923504 0.03693329
-0.42237606 -0.03890575 0.90558534
0.06628395
28
0.0809471
-0.129986
-0.141304
0.90620509 -0.00594217 0.42279666
-0.01051650 0.99927521 0.03658489
-0.42270762 -0.03759976 0.90548580
0.04072140
29
0.0814979
-0.131534
-0.140944
0.90806407 -0.01338838 0.41861725
-0.00891641 0.99864449 0.05128050
-0.41873637 -0.05029854 0.90671380
0.05494067
30
0.0815928
-0.133052
-0.140681
0.90724801 -0.01561246 0.42030619
-0.01014557 0.99820770 0.05897848
-0.42047368 -0.05777236 0.90546355
0.06161194
31
0.0813545
-0.132482
-0.140538
0.90586870 -0.01159452 0.42339988
-0.00705759 0.99907329 0.04245876
-0.42349981 -0.04145024 0.90494740
0.04949065
32
0.0812965
 -0.13117
-0.140278
0.90608550 -0.00728842 0.42303184
-0.00497199 0.99959915 0.02787152
-0.42306541 -0.02735729 0.90568606
0.04288272
33
  0.08051
-0.131527
 -0.14028
0.90340721 -0.01048250 0.42865548
-0.00640498 0.99925968 0.03793501
-0.42873580 -0.03701629 0.90267126
0.04638118
34
  0.08016
 -0.13112
-0.140434
0.90406862 -0.01094985 0.42724703
-0.00368076 0.99943519 0.03340297
-0.42737148 -0.03177117 0.90351769
0.07903668
35
0.0799964
-0.131346
-0.140724
0.90511528 -0.01265305 0.42497791
-0.00504807 0.99916679 0.04049997
-0.42513626 -0.03880246 0.90429726
0.06476677
36
0.0802083
-0.130695
-0.140964
0.90747553 -0.00905028 0.42000745
-0.00472426 0.99948486 0.03174413
-0.42007838 -0.03079125 0.90696530
0.05185100
37
0.0805252
-0.129578
-0.141053
0.90908882 -0.00247402 0.41659501
-0.00664149 0.99976922 0.02043026
-0.41654941 -0.02133973 0.90886259
0.04816013
38
 0.081489
-0.127599
-0.141252
0.91500622 -0.00147908 0.40343703
0.00167082 0.99999860 -0.00012328
-0.40343628 0.00078687 0.91500741
0.08424976
39
0.0813679
 -0.12718
-0.141408
0.91124660 -0.00546393 0.41182494
-0.00081081 0.99988626 0.01506017
-0.41186039 -0.01405744 0.91113852
0.07007300
40
0.0812228
 -0.12698
-0.141463
0.90887185 -0.00814200 0.41699601
-0.00174561 0.99972642 0.02332470
-0.41707183 -0.02192707 0.90860899
0.04674984
41
0.0812832
-0.126826
-0.141429
0.90882300 -0.00706250 0.41712213
-0.00550536 0.99956659 0.02891921
-0.41714559 -0.02857885 0.90839023
0.04128521
42
0.0820197
-0.124711
-0.141521
0.91433759 0.00053391 0.40495245
0.00027806 0.99999807 -0.00194628
-0.40495271 0.00189216 0.91433567
0.08437012
43
0.0820191
-0.125664
 -0.14159
0.91115315 0.00158557 0.41206482
-0.01409034 0.99952769 0.02731034
-0.41182690 -0.03069004 0.91074515
0.05732926
44
0.0817837
-0.126031
-0.141517
0.90788501 -0.00372922 0.41920271
-0.01277398 0.99925002 0.03655447
-0.41902463 -0.03854214 0.90715647
0.06179820
45
0.0817326
-0.125722
-0.141423
0.90709115 -0.00286900 0.42092448
-0.01101397 0.99947263 0.03054742
-0.42079014 -0.03234534 0.90658118
0.06624548
46
0.0816477
-0.125754
-0.141187
0.90658601 -0.00539622 0.42198659
-0.00959403 0.99939630 0.03339154
-0.42191202 -0.03432085 0.90598693
0.04060833
47
0.0819726
-0.126799
-0.140967
0.90825127 -0.01311600 0.41821957
-0.00845507 0.99872922 0.04968361
-0.41833975 -0.04866128 0.90698618
0.05592391
48
 0.082022
-0.127846
-0.140802
0.90734169 -0.01547459 0.42010903
-0.00991320 0.99825684 0.05818080
-0.42027703 -0.05695450 0.90560665
0.06376892
49
0.0818625
-0.127592
-0.140709
0.90591622 -0.01152577 0.42330009
-0.00694163 0.99909099 0.04205959
-0.42340008 -0.04104085 0.90501272
0.05039594
50
0.0818152
 -0.12685
-0.140539
0.90610939 -0.00725447 0.42298126
-0.00491445 0.99960498 0.02767175
-0.42301492 -0.02715236 0.90571581
0.04136145
51
0.0812962
-0.127166
-0.140536
0.90341926 -0.01046508 0.42863051
-0.00637576 0.99926365 0.03783527
-0.42871084 -0.03691396 0.90268731
0.04647874
52
0.0810522
-0.126984
-0.140631
0.90407463 -0.01094121 0.42723453
-0.00366621 0.99943691 0.03335306
-0.42735888 -0.03171999 0.90352544
0.07900560
53
0.0809273
-0.127211
-0.140819
0.90511827 -0.01264874 0.42497169
-0.00504080 0.99916784 0.04047502
-0.42513000 -0.03877687 0.90430130
0.06481629
54
0.0810513
-0.126853
-0.140977
0.90747701 -0.00904817 0.42000430
-0.00472068 0.99948528 0.03173164
-0.42007523 -0.03077844 0.90696719
0.05126969
55
0.0812492
-0.126172
-0.141037
0.90908955 -0.00247298 0.41659341
-0.00663972 0.99976936 0.02042401
-0.41654783 -0.02133332 0.90886346
0.04640911
56
0.0818903
 -0.12489
-0.141172
0.91500658 -0.00147859 0.40343621
0.00167167 0.99999859 -0.00012642
-0.40343546 0.00079009 0.91500776
0.08296018
57
0.0818004
-0.124651
 -0.14128
0.91124678 -0.00546368 0.41182454
-0.00081037 0.99988628 0.01505861
-0.41185999 -0.01405584 0.91113873
0.06865101
58
0.0816929
-0.124556
 -0.14132
0.90887194 -0.00814187 0.41699581
-0.00174538 0.99972644 0.02332392
-0.41707163 -0.02192627 0.90860910
0.04573645
59
0.0817268
-0.124491
-0.141299
0.90882305 -0.00706244 0.41712203
-0.00550525 0.99956660 0.02891882
-0.41714549 -0.02857845 0.90839029
0.04040351
60
  0.08169
 -0.12554
-0.141384
0.90837399 -0.00780314 0.41808589
-0.01409761 0.99868603 0.04926929
-0.41792099 -0.05064895 0.90707041
0.07672952
61
 0.081695
-0.126198
-0.141436
0.90815583 -0.00270835 0.41862352
-0.02138440 0.99837346 0.05285015
-0.41808575 -0.05694819 0.90662076
0.06219216
62
0.0815331
-0.126449
-0.141386
0.90637049 -0.00591804 0.42244233
-0.01646565 0.99864739 0.04931801
-0.42216280 -0.05165617 0.90504708
0.06591238
63
0.0815006
-0.126223
-0.141321
0.90632953 -0.00395822 0.42255310
-0.01285523 0.99923505 0.03693326
-0.42237606 -0.03890573 0.90558534
0.06648675
64
0.0814432
-0.126237
-0.141153
0.90620510 -0.00594217 0.42279666
-0.01051650 0.99927521 0.03658488
-0.42270762 -0.03759974 0.90548580
0.04078751
65
0.0816813
-0.126986
-0.140994
0.90806407 -0.01338838 0.41861724
-0.00891641 0.99864449 0.05128049
-0.41873637 -0.05029853 0.90671380
0.05698827
66
0.0817216
-0.127745
-0.140874
0.90724801 -0.01561246 0.42030619
-0.01014557 0.99820770 0.05897848
-0.42047368 -0.05777235 0.90546355
0.06456335
67
0.0816095
 -0.12756
-0.140805
0.90586870 -0.01159452 0.42339988
-0.00705759 0.99907329 0.04245875
-0.42349980 -0.04145024 0.90494740
0.05058169
68
0.0815784
-0.127015
-0.140679
0.90608550 -0.00728842 0.42303184
-0.00497199 0.99959915 0.02787152
-0.42306541 -0.02735729 0.90568606
0.04133483
69
0.0811982
-0.127246
-0.140674
0.90340721 -0.01048250 0.42865548
-0.00640498 0.99925968 0.03793501
-0.42873580 -0.03701629 0.90267126
0.04645349
70
0.0810183
-0.127109
-0.140743
0.90406862 -0.01094985 0.42724703
-0.00368076 0.99943519 0.03340297
-0.42737148 -0.03177116 0.90351769
0.07899797
71
0.0809256
-0.127278
-0.140882
0.90511528 -0.01265305 0.42497791
-0.00504807 0.99916679 0.04049997
-0.42513626 -0.03880246 0.90429726
0.06480745
72
0.0810187
-0.127008
-0.140999
0.90747553 -0.00905028 0.42000745
-0.00472426 0.99948486 0.03174413
-0.42007838 -0.03079125 0.90696530
0.05128216
73
0.0811682
-0.126493
-0.141044
0.90908882 -0.00247402 0.41659501
-0.00664149 0.99976922 0.02043026
-0.41654941 -0.02133973 0.90886259
0.04656249
74
0.0816544
-0.125519
-0.141147
0.91500622 -0.00147908 0.40343703
0.00167082 0.99999860 -0.00012328
-0.40343628 0.00078687 0.91500741
0.08327751
75
0.0815892
-0.125328
-0.141229
0.91124660 -0.00546393 0.41182494
-0.00081081 0.99988626 0.01506017
-0.41186039 -0.01405744 0.91113852
0.06904621
76
  0.08151
-0.125247
 -0.14126
0.90887185 -0.00814200 0.41699601
-0.00174561 0.99972642 0.02332470
-0.41707183 -0.02192707 0.90860899
0.04602387
77
0.0815384
-0.125188
-0.141245
0.90882300 -0.00706250 0.41712213
-0.00550536 0.99956659 0.02891921
-0.41714559 -0.02857885 0.90839023
0.04065492
78
0.0815124
-0.125986
-0.141311
0.90837396 -0.00780318 0.41808594
-0.01409767 0.99868602 0.04926948
-0.41792104 -0.05064915 0.90707038
0.07657340
79
0.0815185
-0.126488
-0.141351
0.90815582 -0.00270837 0.41862354
-0.02138443 0.99837346 0.05285025
-0.41808577 -0.05694829 0.90662075
0.06205839
80
0.0813953
 -0.12668
-0.141314
0.90637048 -0.00591805 0.42244234
-0.01646566 0.99864739 0.04931806
-0.42216281 -0.05165622 0.90504707
0.06582260
81
0.0813717
  -0.1265
-0.141264
0.90632952 -0.00395822 0.42255311
-0.01285524 0.99923504 0.03693329
-0.42237606 -0.03890575 0.90558534
0.06645612
82
0.0813285
-0.126509
-0.141134
0.90620509 -0.00594217 0.42279666
-0.01051650 0.99927521 0.03658489
-0.42270762 -0.03759976 0.90548580
0.04075714
83
0.0815163
-0.127092
 -0.14101
0.90806407 -0.01338838 0.41861725
-0.00891641 0.99864449 0.05128050
-0.41873637 -0.05029854 0.90671380
0.05696350
84
  0.08155
-0.127687
-0.140915
0.90724801 -0.01561246 0.42030619
-0.01014557 0.99820770 0.05897848
-0.42047368 -0.05777236 0.90546355
0.06461636
85
0.0814636
-0.127542
 -0.14086
0.90586870 -0.01159452 0.42339988
-0.00705759 0.99907329 0.04245876
-0.42349981 -0.04145024 0.90494740
0.05058521
86
0.0814407
-0.127111
 -0.14076
0.90608550 -0.00728842 0.42303184
-0.00497199 0.99959915 0.02787152
-0.42306541 -0.02735729 0.90568606
0.04137703
87
0.0811408
-0.127293
-0.140755
0.90340721 -0.01048250 0.42865548
-0.00640498 0.99925968 0.03793501
-0.42873580 -0.03701629 0.90267126
0.04643070
88
0.0809983
-0.127184
-0.140809
0.90406862 -0.01094985 0.42724703
-0.00368076 0.99943519 0.03340297
-0.42737148 -0.03177117 0.90351769
0.07899208
89
0.0809246
-0.127317
-0.140919
0.90511528 -0.01265305 0.42497791
-0.00504807 0.99916679 0.04049997
-0.42513626 -0.03880246 0.90429726
0.06480122
90
 0.080999
-0.127101
-0.141013
0.90747553 -0.00905028 0.42000745
-0.00472426 0.99948486 0.03174413
-0.42007838 -0.03079125 0.90696530
0.05129118
91
0.0811192
-0.126687
-0.141049
0.90908882 -0.00247402 0.41659501
-0.00664149 0.99976922 0.02043026
-0.41654941 -0.02133973 0.90886259
0.04665898
92
0.0815109
-0.125901
-0.141131
0.91500622 -0.00147908 0.40343703
0.00167082 0.99999860 -0.00012328
-0.40343628 0.00078687 0.91500741
0.08347412
93
0.0814598
-0.125744
-0.141197
0.91124660 -0.00546393 0.41182494
-0.00081081 0.99988626 0.01506017
-0.41186039 -0.01405744 0.91113852
0.06929181
94
0.0813971
-0.125673
-0.141223
0.90887185 -0.00814200 0.41699601
-0.00174561 0.99972642 0.02332470
-0.41707183 -0.02192707 0.90860899
0.04620620
95
0.0814213
-0.125621
-0.141211
0.90882300 -0.00706250 0.41712213
-0.00550536 0.99956659 0.02891921
-0.41714559 -0.02857885 0.90839023
0.04081689
96
0.0814015
-0.126265
-0.141265
0.90837396 -0.00780318 0.41808594
-0.01409767 0.99868602 0.04926948
-0.41792104 -0.05064915 0.90707038
0.07647717
97
0.0814076
-0.126671
-0.141298
0.90815582 -0.00270837 0.41862354
-0.02138443 0.99837346 0.05285025
-0.41808577 -0.05694829 0.90662075
0.06197509
98
0.0813081
-0.126826
-0.141268
0.90637048 -0.00591805 0.42244234
-0.01646566 0.99864739 0.04931806
-0.42216281 -0.05165622 0.90504707
0.06576632
99
0.0812897
-0.126677
-0.141228
0.90632952 -0.00395822 0.42255311
-0.01285524 0.99923504 0.03693329
-0.42237606 -0.03890575 0.90558534
0.06643737
100
0.0812551
-0.126682
-0.141122
0.90620509 -0.00594217 0.42279666
-0.01051650 0.99927521 0.03658489
-0.42270762 -0.03759976 0.90548580
0.04073882
