# oST version 5.0 parameters

[image]

width
640

height
480

[camera]

camera matrix
316.172746 0 324.360871
0 315.746678 241.691715
0.000000 0.000000 1.000000

distortion
0.003758 -0.026423 0.002011 -0.001394 0

rectification
1.000000 0.000000 0.000000
0.000000 1.000000 0.000000
0.000000 0.000000 1.000000

projection
307.211409 0 322.820704 0
0 312.895665 242.394914 0
0 0 1 0